{\rtf1\ansi\ansicpg1252\cocoartf1187\cocoasubrtf400
{\fonttbl\f0\fmodern\fcharset0 Courier;\f1\fmodern\fcharset0 Courier-Bold;}
{\colortbl;\red255\green255\blue255;}
\margl1440\margr1440\vieww55300\viewh14860\viewkind0
\deftab720
\pard\pardeftab720

\f0\fs24 \cf0 Verbose output\
\
Conditional mutual information graph:\
(row,column) = w : The mutual information between rowth attribute and columnth attribute is w.\
\
-1.0 0.027291432603321685 0.03637748761403346 0.08621954530896751 0.035706440137138536 0.023722419330878534 0.06749126000126891 0.04174379810906474 0.09175206957740545 0.1334277899462952 0.09671359543626068 0.10330465894605405 0.1337603743918002 0.28870476337707235 0.07599072227457669 0.02873389041573053 0.030973919008367903 0.2886906704039919 \
0.027291432603321685 -1.0 0.07442689807751347 0.018279485195218582 0.061581318414159966 0.1690291188506003 0.06016293608116396 0.014141641143345887 0.020607899007283416 0.04765756103873955 0.08441259198573278 0.04145182632234743 0.05948316853604308 0.06834777821590403 0.08983436928387464 0.0016653521636821327 0.01456185025394341 0.08765968555219815 \
0.03637748761403346 0.07442689807751347 -1.0 0.0640147623582182 0.1284529774812632 0.05944657388755695 0.12200024355217477 0.005693838209961306 0.015324563859769732 0.0438722077250132 0.03227784730355341 0.027985163808148614 0.04792239581822952 0.08542760455474566 0.01330751321065749 0.004670268969682909 0.018268513729031294 0.12912933065952026 \
0.08621954530896751 0.018279485195218582 0.0640147623582182 -1.0 0.05017883665235051 0.009499788295914486 0.0677250901825732 0.015116753104898538 0.04295052585174208 0.06376189860773003 0.059441814210511965 0.072851229764265 0.07649976121277904 0.16608249867969396 0.03399655584771227 0.005856254196707237 0.010690705870023093 0.21731044057923735 \
0.035706440137138536 0.061581318414159966 0.1284529774812632 0.05017883665235051 -1.0 0.093481782851259 0.09118161823614125 0.0027383090553494615 0.010690705870023097 0.07766630676850522 0.053690111214675394 0.04424373746846999 0.03136178582532728 0.09386471223766384 0.012955584949817803 0.023717875052826867 0.010221002993386349 0.14254818732839653 \
0.023722419330878534 0.1690291188506003 0.05944657388755695 0.009499788295914486 0.093481782851259 -1.0 0.022090662226889185 0.006304871437915045 0.01027564798956382 0.033819801079474715 0.07090195078213615 0.035452125679895266 0.02682509319270235 0.12722759341462064 0.04521105228618305 0.0019797754220240715 0.01820599218272243 0.08236339457418401 \
0.06749126000126891 0.06016293608116396 0.12200024355217477 0.0677250901825732 0.09118161823614125 0.022090662226889185 -1.0 0.01265390740968328 0.03497142447877314 0.055944606253547566 0.051771308153217226 0.05602673245280124 0.06349921797607236 0.14347556407347367 0.016707417662734293 0.011440957536957482 0.005454775814465573 0.16158234659924867 \
0.04174379810906474 0.014141641143345887 0.005693838209961306 0.015116753104898538 0.0027383090553494615 0.006304871437915045 0.01265390740968328 -1.0 0.019296622888437413 0.062110784282669765 0.03786239563548003 0.039121244796570115 0.036295638743207695 0.06414065639755702 0.058475379429784424 0.018367793906868216 0.017634996612376972 0.0694847145781457 \
0.09175206957740545 0.020607899007283416 0.015324563859769732 0.04295052585174208 0.010690705870023097 0.01027564798956382 0.03497142447877314 0.019296622888437413 -1.0 0.11642569454817317 0.05159476086038289 0.07035167568770327 0.09132087703958856 0.16759301756529976 0.03480215616363684 0.019737770263238343 0.010690705870023093 0.1956788840308119 \
0.1334277899462952 0.04765756103873955 0.0438722077250132 0.06376189860773003 0.07766630676850522 0.033819801079474715 0.055944606253547566 0.062110784282669765 0.11642569454817317 -1.0 0.1969333411604327 0.12099801254609467 0.14684247575427717 0.2505621208988257 0.10987351992795641 0.08415438188816368 0.04611292992041438 0.33250330810398576 \
0.09671359543626068 0.08441259198573278 0.03227784730355341 0.059441814210511965 0.053690111214675394 0.07090195078213615 0.051771308153217226 0.03786239563548003 0.05159476086038289 0.1969333411604327 -1.0 0.16124435461913914 0.1320103139195041 0.23836878935557726 0.1058068457876728 0.035847612479497165 0.03863427836584579 0.21794375556367424 \
0.10330465894605405 0.04145182632234743 0.027985163808148614 0.072851229764265 0.04424373746846999 0.035452125679895266 0.05602673245280124 0.039121244796570115 0.07035167568770327 0.12099801254609467 0.16124435461913914 -1.0 0.3011496238833808 0.2792878772794674 0.1408648316115373 0.06158177473531588 0.07858703479452997 0.23574188745986976 \
0.1337603743918002 0.05948316853604308 0.04792239581822952 0.07649976121277904 0.03136178582532728 0.02682509319270235 0.06349921797607236 0.036295638743207695 0.09132087703958856 0.14684247575427717 0.1320103139195041 0.3011496238833808 -1.0 0.28382196586009456 0.11417068030753552 0.01376240630381994 0.07067091130172617 0.271608469917341 \
0.28870476337707235 0.06834777821590403 0.08542760455474566 0.16608249867969396 0.09386471223766384 0.12722759341462064 0.14347556407347367 0.06414065639755702 0.16759301756529976 0.2505621208988257 0.23836878935557726 0.2792878772794674 0.28382196586009456 -1.0 0.12699098597765227 0.05615203429852192 0.11839899721947501 0.4268002138339007 \
0.07599072227457669 0.08983436928387464 0.01330751321065749 0.03399655584771227 0.012955584949817803 0.04521105228618305 0.016707417662734293 0.058475379429784424 0.03480215616363684 0.10987351992795641 0.1058068457876728 0.1408648316115373 0.11417068030753552 0.12699098597765227 -1.0 0.04671462525406629 0.028114775210020933 0.12867158482403762 \
0.02873389041573053 0.0016653521636821327 0.004670268969682909 0.005856254196707237 0.023717875052826867 0.0019797754220240715 0.011440957536957482 0.018367793906868216 0.019737770263238343 0.08415438188816368 0.035847612479497165 0.06158177473531588 0.01376240630381994 0.05615203429852192 0.04671462525406629 -1.0 0.09859486873322669 0.09886638430774378 \
0.030973919008367903 0.01456185025394341 0.018268513729031294 0.010690705870023093 0.010221002993386349 0.01820599218272243 0.005454775814465573 0.017634996612376972 0.010690705870023093 0.04611292992041438 0.03863427836584579 0.07858703479452997 0.07067091130172617 0.11839899721947501 0.028114775210020933 0.09859486873322669 -1.0 0.0951588307189984 \
0.2886906704039919 0.08765968555219815 0.12912933065952026 0.21731044057923735 0.14254818732839653 0.08236339457418401 0.16158234659924867 0.0694847145781457 0.1956788840308119 0.33250330810398576 0.21794375556367424 0.23574188745986976 0.271608469917341 0.4268002138339007 0.12867158482403762 0.09886638430774378 0.0951588307189984 -1.0 \
\
Maximum Spanning Tree: \{
\f1\b (17,3)
\f0\b0  , 
\f1\b (17,9)
\f0\b0  , 
\f1\b (13,10)
\f0\b0  , 
\f1\b (17,7)
\f0\b0  , 
\f1\b (13,17)
\f0\b0  , 
\f1\b (17,4)
\f0\b0  , 
\f1\b (0,13)
\f0\b0  , 
\f1\b (5,1)
\f0\b0  , 
\f1\b (11,14)
\f0\b0  , 
\f1\b (13,16)
\f0\b0  , 
\f1\b (17,2)
\f0\b0  , 
\f1\b (13,5)
\f0\b0  , 
\f1\b (12,11)
\f0\b0  , 
\f1\b (13,12)
\f0\b0  , 
\f1\b (17,8)
\f0\b0  , 
\f1\b (17,6)
\f0\b0  , 
\f1\b (17,15)
\f0\b0 \}\
\
Conditional Probability Tables\
CPT of Attribute 0\
Pr(0=3 | 18=1) = 0.2553191489361702\
Pr(0=1 | 18=1) = 0.48936170212765956\
Pr(0=3 | 18=0) = 0.21311475409836064\
Pr(0=0 | 18=0) = 0.01639344262295082\
Pr(0=0 | 18=1) = 0.02127659574468085\
Pr(0=2 | 18=0) = 0.32786885245901637\
Pr(0=2 | 18=1) = 0.23404255319148937\
Pr(0=1 | 18=0) = 0.4426229508196721\
\
CPT of Attribute 1\
Pr(1=1 | 5=1,18=1) = 0.43478260869565216\
Pr(1=0 | 5=1,18=0) = 0.03125\
Pr(1=0 | 5=0,18=1) = 0.8333333333333334\
Pr(1=0 | 5=0,18=0) = 0.5172413793103449\
Pr(1=1 | 5=0,18=0) = 0.4827586206896552\
Pr(1=1 | 5=1,18=0) = 0.96875\
Pr(1=1 | 5=0,18=1) = 0.16666666666666666\
Pr(1=0 | 5=1,18=1) = 0.5652173913043478\
\
CPT of Attribute 2\
Pr(2=1 | 17=2,18=0) = 0.4444444444444444\
Pr(2=1 | 17=1,18=1) = 0.1\
Pr(2=1 | 17=2,18=1) = 0.1111111111111111\
Pr(2=1 | 17=3,18=0) = 0.25\
Pr(2=1 | 17=4,18=1) = 0.25\
Pr(2=1 | 17=5,18=0) = 0.6666666666666666\
Pr(2=0 | 17=2,18=0) = 0.5555555555555556\
Pr(2=0 | 17=1,18=1) = 0.9\
Pr(2=0 | 17=2,18=1) = 0.8888888888888888\
Pr(2=0 | 17=3,18=0) = 0.75\
Pr(2=0 | 17=0,18=0) = 0.8823529411764706\
Pr(2=0 | 17=4,18=1) = 0.75\
Pr(2=0 | 17=5,18=0) = 0.3333333333333333\
Pr(2=1 | 17=7,18=0) = 0.5\
Pr(2=1 | 17=6,18=1) = 0.3333333333333333\
Pr(2=0 | 17=7,18=0) = 0.5\
Pr(2=0 | 17=6,18=1) = 0.6666666666666666\
Pr(2=1 | 17=3,18=1) = 0.16666666666666666\
Pr(2=1 | 17=4,18=0) = 0.5\
Pr(2=1 | 17=6,18=0) = 0.6666666666666666\
Pr(2=0 | 17=1,18=0) = 0.625\
Pr(2=0 | 17=0,18=1) = 0.9\
Pr(2=1 | 17=5,18=1) = 0.2857142857142857\
Pr(2=1 | 17=1,18=0) = 0.375\
Pr(2=1 | 17=0,18=1) = 0.1\
Pr(2=0 | 17=3,18=1) = 0.8333333333333334\
Pr(2=0 | 17=4,18=0) = 0.5\
Pr(2=1 | 17=7,18=1) = 0.3333333333333333\
Pr(2=0 | 17=7,18=1) = 0.6666666666666666\
Pr(2=1 | 17=0,18=0) = 0.11764705882352941\
Pr(2=0 | 17=6,18=0) = 0.3333333333333333\
Pr(2=0 | 17=5,18=1) = 0.7142857142857143\
\
CPT of Attribute 3\
Pr(3=1 | 17=0,18=0) = 0.029411764705882353\
Pr(3=1 | 17=7,18=1) = 0.3333333333333333\
Pr(3=0 | 17=6,18=0) = 0.3333333333333333\
Pr(3=0 | 17=5,18=1) = 0.8571428571428571\
Pr(3=0 | 17=0,18=0) = 0.9705882352941176\
Pr(3=1 | 17=7,18=0) = 0.5\
Pr(3=1 | 17=6,18=1) = 0.3333333333333333\
Pr(3=0 | 17=2,18=1) = 0.8888888888888888\
Pr(3=0 | 17=3,18=0) = 0.75\
Pr(3=1 | 17=3,18=1) = 0.16666666666666666\
Pr(3=1 | 17=4,18=0) = 0.5\
Pr(3=0 | 17=4,18=1) = 0.875\
Pr(3=0 | 17=5,18=0) = 0.6666666666666666\
Pr(3=1 | 17=2,18=0) = 0.1111111111111111\
Pr(3=1 | 17=1,18=1) = 0.1\
Pr(3=0 | 17=1,18=0) = 0.9375\
Pr(3=0 | 17=0,18=1) = 0.9\
Pr(3=0 | 17=7,18=1) = 0.6666666666666666\
Pr(3=1 | 17=1,18=0) = 0.0625\
Pr(3=1 | 17=0,18=1) = 0.1\
Pr(3=0 | 17=7,18=0) = 0.5\
Pr(3=0 | 17=6,18=1) = 0.6666666666666666\
Pr(3=0 | 17=2,18=0) = 0.8888888888888888\
Pr(3=0 | 17=1,18=1) = 0.9\
Pr(3=1 | 17=2,18=1) = 0.1111111111111111\
Pr(3=1 | 17=3,18=0) = 0.25\
Pr(3=0 | 17=3,18=1) = 0.8333333333333334\
Pr(3=0 | 17=4,18=0) = 0.5\
Pr(3=1 | 17=4,18=1) = 0.125\
Pr(3=1 | 17=5,18=0) = 0.3333333333333333\
Pr(3=1 | 17=6,18=0) = 0.6666666666666666\
Pr(3=1 | 17=5,18=1) = 0.14285714285714285\
\
CPT of Attribute 4\
Pr(4=1 | 17=2,18=1) = 0.2222222222222222\
Pr(4=0 | 17=2,18=1) = 0.7777777777777778\
Pr(4=0 | 17=3,18=0) = 0.75\
Pr(4=1 | 17=3,18=0) = 0.25\
Pr(4=1 | 17=6,18=0) = 0.6666666666666666\
Pr(4=1 | 17=5,18=1) = 0.2857142857142857\
Pr(4=1 | 17=7,18=1) = 0.3333333333333333\
Pr(4=0 | 17=6,18=0) = 0.3333333333333333\
Pr(4=0 | 17=5,18=1) = 0.7142857142857143\
Pr(4=1 | 17=0,18=0) = 0.17647058823529413\
Pr(4=0 | 17=1,18=0) = 0.8125\
Pr(4=0 | 17=0,18=1) = 0.9\
Pr(4=1 | 17=2,18=0) = 0.7777777777777778\
Pr(4=1 | 17=1,18=1) = 0.1\
Pr(4=0 | 17=7,18=1) = 0.6666666666666666\
Pr(4=1 | 17=7,18=0) = 0.5\
Pr(4=1 | 17=6,18=1) = 0.3333333333333333\
Pr(4=0 | 17=4,18=1) = 0.75\
Pr(4=0 | 17=5,18=0) = 0.3333333333333333\
Pr(4=0 | 17=3,18=1) = 0.6666666666666666\
Pr(4=0 | 17=4,18=0) = 0.5\
Pr(4=1 | 17=3,18=1) = 0.3333333333333333\
Pr(4=1 | 17=4,18=0) = 0.5\
Pr(4=1 | 17=4,18=1) = 0.25\
Pr(4=1 | 17=5,18=0) = 0.6666666666666666\
Pr(4=1 | 17=1,18=0) = 0.1875\
Pr(4=1 | 17=0,18=1) = 0.1\
Pr(4=0 | 17=2,18=0) = 0.2222222222222222\
Pr(4=0 | 17=1,18=1) = 0.9\
Pr(4=0 | 17=0,18=0) = 0.8235294117647058\
Pr(4=0 | 17=7,18=0) = 0.5\
Pr(4=0 | 17=6,18=1) = 0.6666666666666666\
\
CPT of Attribute 5\
Pr(5=1 | 13=6,18=0) = 0.5\
Pr(5=1 | 13=2,18=0) = 0.3\
Pr(5=1 | 13=1,18=1) = 0.5\
Pr(5=1 | 13=5,18=1) = 0.3333333333333333\
Pr(5=0 | 13=2,18=0) = 0.7\
Pr(5=0 | 13=1,18=1) = 0.5\
Pr(5=0 | 13=2,18=1) = 0.5\
Pr(5=0 | 13=3,18=0) = 0.11764705882352941\
Pr(5=0 | 13=7,18=1) = 0.6\
Pr(5=1 | 13=3,18=1) = 0.7777777777777778\
Pr(5=1 | 13=4,18=0) = 0.5833333333333334\
Pr(5=1 | 13=7,18=1) = 0.4\
Pr(5=1 | 13=7,18=0) = 0.3333333333333333\
Pr(5=1 | 13=6,18=1) = 0.3333333333333333\
Pr(5=1 | 13=2,18=1) = 0.5\
Pr(5=1 | 13=3,18=0) = 0.8823529411764706\
Pr(5=1 | 13=0,18=0) = 0.6666666666666666\
Pr(5=0 | 13=6,18=0) = 0.5\
Pr(5=0 | 13=5,18=1) = 0.6666666666666666\
Pr(5=1 | 13=1,18=0) = 0.36363636363636365\
Pr(5=0 | 13=1,18=0) = 0.6363636363636364\
Pr(5=1 | 13=0,18=1) = 0.5\
Pr(5=0 | 13=0,18=1) = 0.5\
Pr(5=1 | 13=4,18=1) = 0.5555555555555556\
Pr(5=1 | 13=5,18=0) = 0.3333333333333333\
Pr(5=0 | 13=3,18=1) = 0.2222222222222222\
Pr(5=0 | 13=4,18=0) = 0.4166666666666667\
Pr(5=0 | 13=0,18=0) = 0.3333333333333333\
Pr(5=0 | 13=4,18=1) = 0.4444444444444444\
Pr(5=0 | 13=5,18=0) = 0.6666666666666666\
Pr(5=0 | 13=7,18=0) = 0.6666666666666666\
Pr(5=0 | 13=6,18=1) = 0.6666666666666666\
\
CPT of Attribute 6\
Pr(6=1 | 17=0,18=0) = 0.058823529411764705\
Pr(6=0 | 17=7,18=0) = 0.5\
Pr(6=0 | 17=6,18=1) = 0.6666666666666666\
Pr(6=0 | 17=6,18=0) = 0.6666666666666666\
Pr(6=0 | 17=5,18=1) = 0.7142857142857143\
Pr(6=1 | 17=6,18=0) = 0.3333333333333333\
Pr(6=1 | 17=5,18=1) = 0.2857142857142857\
Pr(6=1 | 17=7,18=0) = 0.5\
Pr(6=1 | 17=6,18=1) = 0.3333333333333333\
Pr(6=0 | 17=2,18=0) = 0.8888888888888888\
Pr(6=0 | 17=1,18=1) = 0.9\
Pr(6=0 | 17=0,18=0) = 0.9411764705882353\
Pr(6=1 | 17=1,18=0) = 0.0625\
Pr(6=1 | 17=0,18=1) = 0.1\
Pr(6=0 | 17=3,18=1) = 0.8333333333333334\
Pr(6=0 | 17=4,18=0) = 0.5\
Pr(6=1 | 17=2,18=1) = 0.1111111111111111\
Pr(6=1 | 17=3,18=0) = 0.25\
Pr(6=1 | 17=4,18=1) = 0.25\
Pr(6=1 | 17=5,18=0) = 0.3333333333333333\
Pr(6=1 | 17=7,18=1) = 0.3333333333333333\
Pr(6=0 | 17=7,18=1) = 0.6666666666666666\
Pr(6=0 | 17=4,18=1) = 0.75\
Pr(6=0 | 17=5,18=0) = 0.6666666666666666\
Pr(6=0 | 17=1,18=0) = 0.9375\
Pr(6=0 | 17=0,18=1) = 0.9\
Pr(6=1 | 17=3,18=1) = 0.16666666666666666\
Pr(6=1 | 17=4,18=0) = 0.5\
Pr(6=0 | 17=2,18=1) = 0.8888888888888888\
Pr(6=1 | 17=2,18=0) = 0.1111111111111111\
Pr(6=1 | 17=1,18=1) = 0.1\
Pr(6=0 | 17=3,18=0) = 0.75\
\
CPT of Attribute 7\
Pr(7=0 | 17=2,18=0) = 0.4444444444444444\
Pr(7=0 | 17=1,18=1) = 0.2\
Pr(7=0 | 17=3,18=1) = 0.16666666666666666\
Pr(7=0 | 17=4,18=0) = 0.5\
Pr(7=1 | 17=2,18=1) = 0.8888888888888888\
Pr(7=1 | 17=3,18=0) = 0.75\
Pr(7=1 | 17=3,18=1) = 0.8333333333333334\
Pr(7=1 | 17=4,18=0) = 0.5\
Pr(7=0 | 17=2,18=1) = 0.1111111111111111\
Pr(7=0 | 17=3,18=0) = 0.25\
Pr(7=0 | 17=7,18=0) = 0.5\
Pr(7=0 | 17=6,18=1) = 0.16666666666666666\
Pr(7=1 | 17=1,18=0) = 0.6875\
Pr(7=1 | 17=0,18=1) = 0.7\
Pr(7=1 | 17=6,18=0) = 0.6666666666666666\
Pr(7=1 | 17=5,18=1) = 0.8571428571428571\
Pr(7=0 | 17=0,18=0) = 0.5294117647058824\
Pr(7=1 | 17=7,18=1) = 0.6666666666666666\
Pr(7=1 | 17=4,18=1) = 0.875\
Pr(7=1 | 17=5,18=0) = 0.6666666666666666\
Pr(7=0 | 17=1,18=0) = 0.3125\
Pr(7=0 | 17=0,18=1) = 0.3\
Pr(7=1 | 17=2,18=0) = 0.5555555555555556\
Pr(7=1 | 17=1,18=1) = 0.8\
Pr(7=0 | 17=4,18=1) = 0.125\
Pr(7=0 | 17=5,18=0) = 0.3333333333333333\
Pr(7=0 | 17=7,18=1) = 0.3333333333333333\
Pr(7=1 | 17=7,18=0) = 0.5\
Pr(7=1 | 17=6,18=1) = 0.8333333333333334\
Pr(7=0 | 17=6,18=0) = 0.3333333333333333\
Pr(7=0 | 17=5,18=1) = 0.14285714285714285\
Pr(7=1 | 17=0,18=0) = 0.47058823529411764\
\
CPT of Attribute 8\
Pr(8=1 | 17=0,18=0) = 0.058823529411764705\
Pr(8=1 | 17=7,18=0) = 0.5\
Pr(8=1 | 17=6,18=1) = 0.16666666666666666\
Pr(8=0 | 17=7,18=0) = 0.5\
Pr(8=0 | 17=6,18=1) = 0.8333333333333334\
Pr(8=1 | 17=1,18=0) = 0.0625\
Pr(8=1 | 17=0,18=1) = 0.1\
Pr(8=0 | 17=4,18=1) = 0.875\
Pr(8=0 | 17=5,18=0) = 0.6666666666666666\
Pr(8=1 | 17=6,18=0) = 0.3333333333333333\
Pr(8=1 | 17=5,18=1) = 0.14285714285714285\
Pr(8=1 | 17=3,18=1) = 0.16666666666666666\
Pr(8=1 | 17=4,18=0) = 0.5\
Pr(8=0 | 17=0,18=0) = 0.9411764705882353\
Pr(8=0 | 17=2,18=1) = 0.8888888888888888\
Pr(8=0 | 17=3,18=0) = 0.75\
Pr(8=1 | 17=2,18=0) = 0.1111111111111111\
Pr(8=1 | 17=1,18=1) = 0.1\
Pr(8=0 | 17=7,18=1) = 0.3333333333333333\
Pr(8=1 | 17=7,18=1) = 0.6666666666666666\
Pr(8=0 | 17=1,18=0) = 0.9375\
Pr(8=0 | 17=0,18=1) = 0.9\
Pr(8=1 | 17=2,18=1) = 0.1111111111111111\
Pr(8=0 | 17=2,18=0) = 0.8888888888888888\
Pr(8=0 | 17=1,18=1) = 0.9\
Pr(8=1 | 17=3,18=0) = 0.25\
Pr(8=1 | 17=4,18=1) = 0.125\
Pr(8=1 | 17=5,18=0) = 0.3333333333333333\
Pr(8=0 | 17=6,18=0) = 0.6666666666666666\
Pr(8=0 | 17=3,18=1) = 0.8333333333333334\
Pr(8=0 | 17=4,18=0) = 0.5\
Pr(8=0 | 17=5,18=1) = 0.8571428571428571\
\
CPT of Attribute 9\
Pr(9=0 | 17=0,18=1) = 0.08333333333333333\
Pr(9=0 | 17=1,18=0) = 0.05555555555555555\
Pr(9=0 | 17=7,18=0) = 0.25\
Pr(9=0 | 17=6,18=1) = 0.125\
Pr(9=1 | 17=2,18=0) = 0.2727272727272727\
Pr(9=1 | 17=1,18=1) = 0.5\
Pr(9=3 | 17=4,18=1) = 0.3\
Pr(9=3 | 17=5,18=0) = 0.2\
Pr(9=2 | 17=0,18=1) = 0.25\
Pr(9=2 | 17=1,18=0) = 0.2777777777777778\
Pr(9=3 | 17=2,18=0) = 0.09090909090909091\
Pr(9=3 | 17=1,18=1) = 0.16666666666666666\
Pr(9=0 | 17=6,18=0) = 0.2\
Pr(9=0 | 17=5,18=1) = 0.1111111111111111\
Pr(9=1 | 17=6,18=0) = 0.4\
Pr(9=1 | 17=5,18=1) = 0.1111111111111111\
Pr(9=0 | 17=4,18=1) = 0.1\
Pr(9=0 | 17=5,18=0) = 0.2\
Pr(9=2 | 17=0,18=0) = 0.16666666666666666\
Pr(9=2 | 17=3,18=1) = 0.625\
Pr(9=2 | 17=4,18=0) = 0.25\
Pr(9=3 | 17=7,18=1) = 0.2\
Pr(9=1 | 17=0,18=1) = 0.5833333333333334\
Pr(9=1 | 17=1,18=0) = 0.5555555555555556\
Pr(9=2 | 17=7,18=0) = 0.25\
Pr(9=2 | 17=6,18=1) = 0.125\
Pr(9=0 | 17=2,18=0) = 0.18181818181818182\
Pr(9=0 | 17=1,18=1) = 0.08333333333333333\
Pr(9=1 | 17=2,18=1) = 0.2727272727272727\
Pr(9=1 | 17=3,18=0) = 0.16666666666666666\
Pr(9=3 | 17=6,18=0) = 0.2\
Pr(9=3 | 17=5,18=1) = 0.3333333333333333\
Pr(9=3 | 17=0,18=1) = 0.08333333333333333\
Pr(9=3 | 17=1,18=0) = 0.1111111111111111\
Pr(9=1 | 17=7,18=0) = 0.25\
Pr(9=1 | 17=6,18=1) = 0.125\
Pr(9=1 | 17=3,18=1) = 0.125\
Pr(9=1 | 17=4,18=0) = 0.25\
Pr(9=1 | 17=0,18=0) = 0.6944444444444444\
Pr(9=0 | 17=2,18=1) = 0.09090909090909091\
Pr(9=0 | 17=3,18=0) = 0.16666666666666666\
Pr(9=2 | 17=4,18=1) = 0.5\
Pr(9=2 | 17=5,18=0) = 0.4\
Pr(9=0 | 17=0,18=0) = 0.1111111111111111\
Pr(9=2 | 17=7,18=1) = 0.2\
Pr(9=0 | 17=7,18=1) = 0.4\
Pr(9=2 | 17=2,18=0) = 0.45454545454545453\
Pr(9=2 | 17=1,18=1) = 0.25\
Pr(9=1 | 17=4,18=1) = 0.1\
Pr(9=1 | 17=5,18=0) = 0.2\
Pr(9=2 | 17=2,18=1) = 0.2727272727272727\
Pr(9=2 | 17=3,18=0) = 0.3333333333333333\
Pr(9=0 | 17=3,18=1) = 0.125\
Pr(9=0 | 17=4,18=0) = 0.25\
Pr(9=3 | 17=7,18=0) = 0.25\
Pr(9=3 | 17=6,18=1) = 0.625\
Pr(9=2 | 17=6,18=0) = 0.2\
Pr(9=2 | 17=5,18=1) = 0.4444444444444444\
Pr(9=3 | 17=0,18=0) = 0.027777777777777776\
Pr(9=1 | 17=7,18=1) = 0.2\
Pr(9=3 | 17=3,18=1) = 0.125\
Pr(9=3 | 17=4,18=0) = 0.25\
Pr(9=3 | 17=2,18=1) = 0.36363636363636365\
Pr(9=3 | 17=3,18=0) = 0.3333333333333333\
\
CPT of Attribute 10\
Pr(10=1 | 13=2,18=1) = 0.7142857142857143\
Pr(10=1 | 13=3,18=0) = 0.4444444444444444\
Pr(10=2 | 13=5,18=0) = 0.5\
Pr(10=2 | 13=4,18=1) = 0.7\
Pr(10=1 | 13=0,18=0) = 0.5\
Pr(10=0 | 13=4,18=0) = 0.07692307692307693\
Pr(10=0 | 13=3,18=1) = 0.1\
Pr(10=0 | 13=1,18=0) = 0.08333333333333333\
Pr(10=0 | 13=0,18=1) = 0.3333333333333333\
Pr(10=2 | 13=7,18=0) = 0.5625\
Pr(10=2 | 13=6,18=1) = 0.42857142857142855\
Pr(10=0 | 13=2,18=1) = 0.14285714285714285\
Pr(10=0 | 13=3,18=0) = 0.05555555555555555\
Pr(10=0 | 13=7,18=1) = 0.047619047619047616\
Pr(10=2 | 13=7,18=1) = 0.23809523809523808\
Pr(10=1 | 13=7,18=0) = 0.375\
Pr(10=1 | 13=6,18=1) = 0.42857142857142855\
Pr(10=0 | 13=6,18=0) = 0.3333333333333333\
Pr(10=0 | 13=5,18=1) = 0.25\
Pr(10=2 | 13=1,18=1) = 0.2\
Pr(10=2 | 13=2,18=0) = 0.36363636363636365\
Pr(10=2 | 13=1,18=0) = 0.5\
Pr(10=2 | 13=0,18=1) = 0.3333333333333333\
Pr(10=0 | 13=1,18=1) = 0.2\
Pr(10=0 | 13=0,18=0) = 0.25\
Pr(10=0 | 13=2,18=0) = 0.2727272727272727\
Pr(10=1 | 13=5,18=0) = 0.25\
Pr(10=1 | 13=4,18=1) = 0.2\
Pr(10=1 | 13=1,18=1) = 0.6\
Pr(10=1 | 13=2,18=0) = 0.36363636363636365\
Pr(10=2 | 13=6,18=0) = 0.3333333333333333\
Pr(10=2 | 13=5,18=1) = 0.25\
Pr(10=1 | 13=7,18=1) = 0.7142857142857143\
Pr(10=0 | 13=5,18=0) = 0.25\
Pr(10=0 | 13=4,18=1) = 0.1\
Pr(10=2 | 13=4,18=0) = 0.38461538461538464\
Pr(10=2 | 13=3,18=1) = 0.4\
Pr(10=1 | 13=4,18=0) = 0.5384615384615384\
Pr(10=1 | 13=3,18=1) = 0.5\
Pr(10=2 | 13=2,18=1) = 0.14285714285714285\
Pr(10=2 | 13=3,18=0) = 0.5\
Pr(10=2 | 13=0,18=0) = 0.25\
Pr(10=0 | 13=7,18=0) = 0.0625\
Pr(10=0 | 13=6,18=1) = 0.14285714285714285\
Pr(10=1 | 13=6,18=0) = 0.3333333333333333\
Pr(10=1 | 13=5,18=1) = 0.5\
Pr(10=1 | 13=1,18=0) = 0.4166666666666667\
Pr(10=1 | 13=0,18=1) = 0.3333333333333333\
\
CPT of Attribute 11\
Pr(11=3 | 12=3,18=0) = 0.4\
Pr(11=3 | 12=2,18=1) = 0.09090909090909091\
Pr(11=2 | 12=1,18=0) = 0.0625\
Pr(11=2 | 12=0,18=1) = 0.2\
Pr(11=2 | 12=0,18=0) = 0.2\
Pr(11=3 | 12=1,18=0) = 0.375\
Pr(11=3 | 12=0,18=1) = 0.2\
Pr(11=1 | 12=1,18=0) = 0.5\
Pr(11=1 | 12=0,18=1) = 0.4\
Pr(11=1 | 12=3,18=1) = 0.23809523809523808\
Pr(11=0 | 12=0,18=0) = 0.4\
Pr(11=0 | 12=3,18=0) = 0.2\
Pr(11=0 | 12=2,18=1) = 0.09090909090909091\
Pr(11=3 | 12=1,18=1) = 0.4090909090909091\
Pr(11=3 | 12=2,18=0) = 0.2978723404255319\
Pr(11=0 | 12=3,18=1) = 0.047619047619047616\
Pr(11=2 | 12=3,18=0) = 0.2\
Pr(11=2 | 12=2,18=1) = 0.7272727272727273\
Pr(11=0 | 12=1,18=0) = 0.0625\
Pr(11=0 | 12=0,18=1) = 0.2\
Pr(11=3 | 12=3,18=1) = 0.47619047619047616\
Pr(11=1 | 12=0,18=0) = 0.2\
Pr(11=1 | 12=1,18=1) = 0.5\
Pr(11=1 | 12=2,18=0) = 0.2127659574468085\
Pr(11=2 | 12=1,18=1) = 0.045454545454545456\
Pr(11=2 | 12=2,18=0) = 0.46808510638297873\
Pr(11=1 | 12=3,18=0) = 0.2\
Pr(11=1 | 12=2,18=1) = 0.09090909090909091\
Pr(11=3 | 12=0,18=0) = 0.2\
Pr(11=2 | 12=3,18=1) = 0.23809523809523808\
Pr(11=0 | 12=1,18=1) = 0.045454545454545456\
Pr(11=0 | 12=2,18=0) = 0.02127659574468085\
\
CPT of Attribute 12\
Pr(12=2 | 13=6,18=0) = 0.25\
Pr(12=2 | 13=5,18=1) = 0.2\
Pr(12=3 | 13=0,18=0) = 0.2\
Pr(12=3 | 13=7,18=0) = 0.058823529411764705\
Pr(12=0 | 13=7,18=0) = 0.058823529411764705\
Pr(12=3 | 13=6,18=1) = 0.25\
Pr(12=0 | 13=6,18=1) = 0.25\
Pr(12=0 | 13=3,18=1) = 0.09090909090909091\
Pr(12=0 | 13=4,18=0) = 0.07142857142857142\
Pr(12=1 | 13=6,18=0) = 0.25\
Pr(12=1 | 13=5,18=1) = 0.4\
Pr(12=0 | 13=0,18=0) = 0.2\
Pr(12=1 | 13=2,18=1) = 0.25\
Pr(12=1 | 13=3,18=0) = 0.21052631578947367\
Pr(12=1 | 13=7,18=1) = 0.4090909090909091\
Pr(12=1 | 13=2,18=0) = 0.25\
Pr(12=1 | 13=1,18=1) = 0.16666666666666666\
Pr(12=3 | 13=6,18=0) = 0.25\
Pr(12=3 | 13=5,18=1) = 0.2\
Pr(12=0 | 13=4,18=1) = 0.09090909090909091\
Pr(12=0 | 13=5,18=0) = 0.2\
Pr(12=2 | 13=7,18=0) = 0.5294117647058824\
Pr(12=2 | 13=6,18=1) = 0.25\
Pr(12=3 | 13=7,18=1) = 0.36363636363636365\
Pr(12=1 | 13=4,18=1) = 0.2727272727272727\
Pr(12=1 | 13=5,18=0) = 0.2\
Pr(12=2 | 13=3,18=1) = 0.09090909090909091\
Pr(12=2 | 13=4,18=0) = 0.7142857142857143\
Pr(12=2 | 13=2,18=1) = 0.375\
Pr(12=2 | 13=3,18=0) = 0.6842105263157895\
Pr(12=0 | 13=7,18=1) = 0.045454545454545456\
Pr(12=3 | 13=2,18=1) = 0.25\
Pr(12=3 | 13=3,18=0) = 0.05263157894736842\
Pr(12=1 | 13=7,18=0) = 0.35294117647058826\
Pr(12=1 | 13=6,18=1) = 0.25\
Pr(12=2 | 13=7,18=1) = 0.18181818181818182\
Pr(12=0 | 13=2,18=0) = 0.16666666666666666\
Pr(12=0 | 13=1,18=1) = 0.16666666666666666\
Pr(12=1 | 13=3,18=1) = 0.5454545454545454\
Pr(12=1 | 13=4,18=0) = 0.07142857142857142\
Pr(12=2 | 13=2,18=0) = 0.5\
Pr(12=2 | 13=1,18=1) = 0.16666666666666666\
Pr(12=2 | 13=0,18=0) = 0.2\
Pr(12=3 | 13=4,18=1) = 0.45454545454545453\
Pr(12=3 | 13=5,18=0) = 0.2\
Pr(12=3 | 13=2,18=0) = 0.08333333333333333\
Pr(12=3 | 13=1,18=1) = 0.5\
Pr(12=2 | 13=4,18=1) = 0.18181818181818182\
Pr(12=2 | 13=5,18=0) = 0.4\
Pr(12=1 | 13=0,18=1) = 0.25\
Pr(12=1 | 13=1,18=0) = 0.15384615384615385\
Pr(12=0 | 13=6,18=0) = 0.25\
Pr(12=0 | 13=5,18=1) = 0.2\
Pr(12=3 | 13=0,18=1) = 0.25\
Pr(12=3 | 13=1,18=0) = 0.07692307692307693\
Pr(12=0 | 13=2,18=1) = 0.125\
Pr(12=0 | 13=3,18=0) = 0.05263157894736842\
Pr(12=0 | 13=0,18=1) = 0.25\
Pr(12=0 | 13=1,18=0) = 0.07692307692307693\
Pr(12=2 | 13=0,18=1) = 0.25\
Pr(12=2 | 13=1,18=0) = 0.6923076923076923\
Pr(12=3 | 13=3,18=1) = 0.2727272727272727\
Pr(12=3 | 13=4,18=0) = 0.14285714285714285\
Pr(12=1 | 13=0,18=0) = 0.4\
\
CPT of Attribute 13\
Pr(13=0 | 0=1,18=0) = 0.029411764705882353\
Pr(13=6 | 0=0,18=0) = 0.125\
Pr(13=0 | 0=0,18=1) = 0.125\
Pr(13=7 | 0=1,18=1) = 0.36666666666666664\
Pr(13=7 | 0=2,18=0) = 0.1111111111111111\
Pr(13=1 | 0=3,18=0) = 0.15\
Pr(13=1 | 0=2,18=1) = 0.16666666666666666\
Pr(13=1 | 0=0,18=0) = 0.125\
Pr(13=2 | 0=1,18=0) = 0.14705882352941177\
Pr(13=2 | 0=0,18=1) = 0.125\
Pr(13=3 | 0=1,18=0) = 0.20588235294117646\
Pr(13=3 | 0=0,18=1) = 0.125\
Pr(13=4 | 0=1,18=0) = 0.14705882352941177\
Pr(13=4 | 0=0,18=1) = 0.125\
Pr(13=2 | 0=3,18=1) = 0.15789473684210525\
Pr(13=5 | 0=1,18=1) = 0.06666666666666667\
Pr(13=5 | 0=2,18=0) = 0.037037037037037035\
Pr(13=3 | 0=3,18=1) = 0.10526315789473684\
Pr(13=4 | 0=1,18=1) = 0.13333333333333333\
Pr(13=4 | 0=2,18=0) = 0.2222222222222222\
Pr(13=3 | 0=3,18=0) = 0.1\
Pr(13=0 | 0=1,18=1) = 0.03333333333333333\
Pr(13=0 | 0=2,18=0) = 0.07407407407407407\
Pr(13=3 | 0=2,18=1) = 0.16666666666666666\
Pr(13=6 | 0=1,18=0) = 0.029411764705882353\
Pr(13=6 | 0=0,18=1) = 0.125\
Pr(13=0 | 0=0,18=0) = 0.125\
Pr(13=5 | 0=3,18=1) = 0.05263157894736842\
Pr(13=3 | 0=0,18=0) = 0.125\
Pr(13=6 | 0=3,18=1) = 0.15789473684210525\
Pr(13=5 | 0=3,18=0) = 0.05\
Pr(13=5 | 0=2,18=1) = 0.05555555555555555\
Pr(13=2 | 0=3,18=0) = 0.25\
Pr(13=2 | 0=2,18=1) = 0.05555555555555555\
Pr(13=6 | 0=1,18=1) = 0.1\
Pr(13=6 | 0=2,18=0) = 0.037037037037037035\
Pr(13=5 | 0=1,18=0) = 0.058823529411764705\
Pr(13=5 | 0=0,18=1) = 0.125\
Pr(13=0 | 0=3,18=0) = 0.05\
Pr(13=0 | 0=2,18=1) = 0.05555555555555555\
Pr(13=7 | 0=3,18=0) = 0.25\
Pr(13=4 | 0=3,18=0) = 0.1\
Pr(13=4 | 0=0,18=0) = 0.125\
Pr(13=4 | 0=2,18=1) = 0.1111111111111111\
Pr(13=7 | 0=2,18=1) = 0.3333333333333333\
Pr(13=2 | 0=0,18=0) = 0.125\
Pr(13=1 | 0=1,18=1) = 0.03333333333333333\
Pr(13=1 | 0=2,18=0) = 0.14814814814814814\
Pr(13=7 | 0=1,18=0) = 0.23529411764705882\
Pr(13=7 | 0=0,18=1) = 0.125\
Pr(13=5 | 0=0,18=0) = 0.125\
Pr(13=7 | 0=0,18=0) = 0.125\
Pr(13=7 | 0=3,18=1) = 0.21052631578947367\
Pr(13=0 | 0=3,18=1) = 0.05263157894736842\
Pr(13=6 | 0=3,18=0) = 0.05\
Pr(13=6 | 0=2,18=1) = 0.05555555555555555\
Pr(13=1 | 0=3,18=1) = 0.05263157894736842\
Pr(13=1 | 0=1,18=0) = 0.14705882352941177\
Pr(13=1 | 0=0,18=1) = 0.125\
Pr(13=4 | 0=3,18=1) = 0.21052631578947367\
Pr(13=3 | 0=1,18=1) = 0.16666666666666666\
Pr(13=3 | 0=2,18=0) = 0.3333333333333333\
Pr(13=2 | 0=1,18=1) = 0.1\
Pr(13=2 | 0=2,18=0) = 0.037037037037037035\
\
CPT of Attribute 14\
Pr(14=1 | 11=2,18=0) = 0.4583333333333333\
Pr(14=1 | 11=1,18=1) = 0.2222222222222222\
Pr(14=2 | 11=3,18=0) = 0.2727272727272727\
Pr(14=2 | 11=2,18=1) = 0.8571428571428571\
Pr(14=2 | 11=0,18=0) = 0.25\
Pr(14=0 | 11=3,18=0) = 0.36363636363636365\
Pr(14=0 | 11=2,18=1) = 0.07142857142857142\
Pr(14=2 | 11=2,18=0) = 0.4583333333333333\
Pr(14=2 | 11=1,18=1) = 0.5555555555555556\
Pr(14=1 | 11=0,18=0) = 0.25\
Pr(14=1 | 11=3,18=0) = 0.36363636363636365\
Pr(14=1 | 11=2,18=1) = 0.07142857142857142\
Pr(14=0 | 11=0,18=1) = 0.3333333333333333\
Pr(14=0 | 11=1,18=0) = 0.3684210526315789\
Pr(14=0 | 11=0,18=0) = 0.5\
Pr(14=1 | 11=0,18=1) = 0.3333333333333333\
Pr(14=1 | 11=1,18=0) = 0.5263157894736842\
Pr(14=0 | 11=3,18=1) = 0.05\
Pr(14=1 | 11=3,18=1) = 0.15\
Pr(14=2 | 11=3,18=1) = 0.8\
Pr(14=2 | 11=0,18=1) = 0.3333333333333333\
Pr(14=2 | 11=1,18=0) = 0.10526315789473684\
Pr(14=0 | 11=2,18=0) = 0.08333333333333333\
Pr(14=0 | 11=1,18=1) = 0.2222222222222222\
\
CPT of Attribute 15\
Pr(15=1 | 17=4,18=1) = 0.625\
Pr(15=1 | 17=5,18=0) = 0.6666666666666666\
Pr(15=1 | 17=7,18=1) = 0.3333333333333333\
Pr(15=0 | 17=1,18=0) = 0.25\
Pr(15=0 | 17=0,18=1) = 0.3\
Pr(15=1 | 17=2,18=0) = 0.8888888888888888\
Pr(15=1 | 17=1,18=1) = 0.5\
Pr(15=1 | 17=3,18=1) = 0.8333333333333334\
Pr(15=1 | 17=4,18=0) = 0.5\
Pr(15=0 | 17=4,18=1) = 0.375\
Pr(15=0 | 17=5,18=0) = 0.3333333333333333\
Pr(15=1 | 17=7,18=0) = 0.5\
Pr(15=1 | 17=6,18=1) = 0.8333333333333334\
Pr(15=0 | 17=2,18=0) = 0.1111111111111111\
Pr(15=0 | 17=1,18=1) = 0.5\
Pr(15=1 | 17=6,18=0) = 0.6666666666666666\
Pr(15=0 | 17=3,18=1) = 0.16666666666666666\
Pr(15=0 | 17=4,18=0) = 0.5\
Pr(15=1 | 17=5,18=1) = 0.7142857142857143\
Pr(15=0 | 17=7,18=0) = 0.5\
Pr(15=0 | 17=6,18=1) = 0.16666666666666666\
Pr(15=1 | 17=1,18=0) = 0.75\
Pr(15=1 | 17=0,18=1) = 0.7\
Pr(15=1 | 17=2,18=1) = 0.7777777777777778\
Pr(15=1 | 17=3,18=0) = 0.25\
Pr(15=0 | 17=7,18=1) = 0.6666666666666666\
Pr(15=0 | 17=2,18=1) = 0.2222222222222222\
Pr(15=0 | 17=3,18=0) = 0.75\
Pr(15=0 | 17=0,18=0) = 0.5294117647058824\
Pr(15=1 | 17=0,18=0) = 0.47058823529411764\
Pr(15=0 | 17=6,18=0) = 0.3333333333333333\
Pr(15=0 | 17=5,18=1) = 0.2857142857142857\
\
CPT of Attribute 16\
Pr(16=1 | 13=1,18=0) = 0.7272727272727273\
Pr(16=1 | 13=0,18=1) = 0.5\
Pr(16=0 | 13=7,18=1) = 0.05\
Pr(16=1 | 13=7,18=1) = 0.95\
Pr(16=0 | 13=6,18=0) = 0.5\
Pr(16=0 | 13=5,18=1) = 0.3333333333333333\
Pr(16=1 | 13=4,18=1) = 0.7777777777777778\
Pr(16=1 | 13=5,18=0) = 0.6666666666666666\
Pr(16=1 | 13=7,18=0) = 0.6666666666666666\
Pr(16=1 | 13=6,18=1) = 0.8333333333333334\
Pr(16=1 | 13=0,18=0) = 0.3333333333333333\
Pr(16=0 | 13=1,18=0) = 0.2727272727272727\
Pr(16=0 | 13=0,18=1) = 0.5\
Pr(16=0 | 13=3,18=1) = 0.1111111111111111\
Pr(16=0 | 13=4,18=0) = 0.25\
Pr(16=0 | 13=7,18=0) = 0.3333333333333333\
Pr(16=0 | 13=6,18=1) = 0.16666666666666666\
Pr(16=0 | 13=4,18=1) = 0.2222222222222222\
Pr(16=0 | 13=5,18=0) = 0.3333333333333333\
Pr(16=0 | 13=0,18=0) = 0.6666666666666666\
Pr(16=1 | 13=2,18=1) = 0.3333333333333333\
Pr(16=1 | 13=3,18=0) = 0.7058823529411765\
Pr(16=1 | 13=6,18=0) = 0.5\
Pr(16=1 | 13=5,18=1) = 0.6666666666666666\
Pr(16=1 | 13=2,18=0) = 0.7\
Pr(16=1 | 13=1,18=1) = 0.5\
Pr(16=0 | 13=2,18=0) = 0.3\
Pr(16=0 | 13=1,18=1) = 0.5\
Pr(16=1 | 13=3,18=1) = 0.8888888888888888\
Pr(16=1 | 13=4,18=0) = 0.75\
Pr(16=0 | 13=2,18=1) = 0.6666666666666666\
Pr(16=0 | 13=3,18=0) = 0.29411764705882354\
\
CPT of Attribute 17\
Pr(17=5 | 13=2,18=1) = 0.08333333333333333\
Pr(17=5 | 13=3,18=0) = 0.08695652173913043\
Pr(17=6 | 13=4,18=1) = 0.06666666666666667\
Pr(17=6 | 13=5,18=0) = 0.1111111111111111\
Pr(17=0 | 13=2,18=0) = 0.4375\
Pr(17=0 | 13=1,18=1) = 0.2\
Pr(17=7 | 13=3,18=1) = 0.06666666666666667\
Pr(17=7 | 13=4,18=0) = 0.05555555555555555\
Pr(17=3 | 13=6,18=0) = 0.125\
Pr(17=3 | 13=5,18=1) = 0.1111111111111111\
Pr(17=1 | 13=2,18=1) = 0.08333333333333333\
Pr(17=1 | 13=3,18=0) = 0.34782608695652173\
Pr(17=5 | 13=0,18=0) = 0.1111111111111111\
Pr(17=5 | 13=7,18=1) = 0.07692307692307693\
Pr(17=5 | 13=7,18=0) = 0.047619047619047616\
Pr(17=5 | 13=6,18=1) = 0.08333333333333333\
Pr(17=6 | 13=7,18=1) = 0.11538461538461539\
Pr(17=7 | 13=2,18=1) = 0.08333333333333333\
Pr(17=7 | 13=3,18=0) = 0.043478260869565216\
Pr(17=0 | 13=4,18=1) = 0.06666666666666667\
Pr(17=0 | 13=5,18=0) = 0.1111111111111111\
Pr(17=3 | 13=4,18=1) = 0.13333333333333333\
Pr(17=3 | 13=5,18=0) = 0.2222222222222222\
Pr(17=4 | 13=7,18=0) = 0.047619047619047616\
Pr(17=4 | 13=6,18=1) = 0.16666666666666666\
Pr(17=1 | 13=7,18=0) = 0.19047619047619047\
Pr(17=1 | 13=6,18=1) = 0.16666666666666666\
Pr(17=1 | 13=3,18=1) = 0.06666666666666667\
Pr(17=1 | 13=4,18=0) = 0.16666666666666666\
Pr(17=0 | 13=7,18=0) = 0.42857142857142855\
Pr(17=0 | 13=6,18=1) = 0.08333333333333333\
Pr(17=4 | 13=3,18=1) = 0.2\
Pr(17=4 | 13=4,18=0) = 0.05555555555555555\
Pr(17=3 | 13=7,18=0) = 0.09523809523809523\
Pr(17=3 | 13=6,18=1) = 0.08333333333333333\
Pr(17=3 | 13=0,18=0) = 0.1111111111111111\
Pr(17=0 | 13=7,18=1) = 0.15384615384615385\
Pr(17=4 | 13=2,18=0) = 0.0625\
Pr(17=4 | 13=1,18=1) = 0.1\
Pr(17=2 | 13=2,18=1) = 0.08333333333333333\
Pr(17=2 | 13=3,18=0) = 0.08695652173913043\
Pr(17=7 | 13=4,18=1) = 0.06666666666666667\
Pr(17=7 | 13=5,18=0) = 0.1111111111111111\
Pr(17=3 | 13=0,18=1) = 0.125\
Pr(17=3 | 13=1,18=0) = 0.058823529411764705\
Pr(17=2 | 13=0,18=0) = 0.1111111111111111\
Pr(17=5 | 13=0,18=1) = 0.125\
Pr(17=5 | 13=1,18=0) = 0.058823529411764705\
Pr(17=4 | 13=7,18=1) = 0.07692307692307693\
Pr(17=5 | 13=3,18=1) = 0.26666666666666666\
Pr(17=5 | 13=4,18=0) = 0.05555555555555555\
Pr(17=2 | 13=6,18=0) = 0.125\
Pr(17=2 | 13=5,18=1) = 0.1111111111111111\
Pr(17=0 | 13=2,18=1) = 0.4166666666666667\
Pr(17=0 | 13=3,18=0) = 0.2608695652173913\
Pr(17=0 | 13=6,18=0) = 0.125\
Pr(17=0 | 13=5,18=1) = 0.1111111111111111\
Pr(17=4 | 13=4,18=1) = 0.2\
Pr(17=4 | 13=5,18=0) = 0.1111111111111111\
Pr(17=6 | 13=0,18=0) = 0.1111111111111111\
Pr(17=0 | 13=0,18=0) = 0.2222222222222222\
Pr(17=1 | 13=7,18=1) = 0.23076923076923078\
Pr(17=1 | 13=4,18=1) = 0.2\
Pr(17=1 | 13=5,18=0) = 0.1111111111111111\
Pr(17=7 | 13=6,18=0) = 0.125\
Pr(17=7 | 13=5,18=1) = 0.1111111111111111\
Pr(17=4 | 13=6,18=0) = 0.125\
Pr(17=3 | 13=2,18=0) = 0.0625\
Pr(17=3 | 13=1,18=1) = 0.1\
Pr(17=4 | 13=5,18=1) = 0.1111111111111111\
Pr(17=2 | 13=3,18=1) = 0.06666666666666667\
Pr(17=2 | 13=4,18=0) = 0.1111111111111111\
Pr(17=3 | 13=7,18=1) = 0.11538461538461539\
Pr(17=4 | 13=2,18=1) = 0.08333333333333333\
Pr(17=4 | 13=3,18=0) = 0.043478260869565216\
Pr(17=7 | 13=0,18=1) = 0.125\
Pr(17=7 | 13=1,18=0) = 0.058823529411764705\
Pr(17=4 | 13=0,18=0) = 0.1111111111111111\
Pr(17=6 | 13=0,18=1) = 0.125\
Pr(17=6 | 13=1,18=0) = 0.058823529411764705\
Pr(17=7 | 13=7,18=0) = 0.047619047619047616\
Pr(17=7 | 13=6,18=1) = 0.08333333333333333\
Pr(17=1 | 13=0,18=0) = 0.1111111111111111\
Pr(17=7 | 13=0,18=0) = 0.1111111111111111\
Pr(17=2 | 13=0,18=1) = 0.125\
Pr(17=2 | 13=1,18=0) = 0.23529411764705882\
Pr(17=6 | 13=2,18=1) = 0.08333333333333333\
Pr(17=6 | 13=3,18=0) = 0.08695652173913043\
Pr(17=6 | 13=6,18=0) = 0.125\
Pr(17=6 | 13=5,18=1) = 0.1111111111111111\
Pr(17=1 | 13=0,18=1) = 0.125\
Pr(17=1 | 13=1,18=0) = 0.11764705882352941\
Pr(17=2 | 13=7,18=1) = 0.15384615384615385\
Pr(17=7 | 13=2,18=0) = 0.0625\
Pr(17=7 | 13=1,18=1) = 0.1\
Pr(17=6 | 13=2,18=0) = 0.0625\
Pr(17=6 | 13=1,18=1) = 0.1\
Pr(17=2 | 13=4,18=1) = 0.2\
Pr(17=2 | 13=5,18=0) = 0.1111111111111111\
Pr(17=0 | 13=3,18=1) = 0.06666666666666667\
Pr(17=0 | 13=4,18=0) = 0.4444444444444444\
Pr(17=5 | 13=4,18=1) = 0.06666666666666667\
Pr(17=5 | 13=5,18=0) = 0.1111111111111111\
Pr(17=0 | 13=0,18=1) = 0.125\
Pr(17=0 | 13=1,18=0) = 0.35294117647058826\
Pr(17=3 | 13=2,18=1) = 0.08333333333333333\
Pr(17=3 | 13=3,18=0) = 0.043478260869565216\
Pr(17=2 | 13=2,18=0) = 0.125\
Pr(17=2 | 13=1,18=1) = 0.2\
Pr(17=5 | 13=2,18=0) = 0.0625\
Pr(17=5 | 13=1,18=1) = 0.1\
Pr(17=7 | 13=7,18=1) = 0.07692307692307693\
Pr(17=1 | 13=6,18=0) = 0.125\
Pr(17=6 | 13=3,18=1) = 0.13333333333333333\
Pr(17=6 | 13=4,18=0) = 0.05555555555555555\
Pr(17=1 | 13=5,18=1) = 0.1111111111111111\
Pr(17=2 | 13=7,18=0) = 0.09523809523809523\
Pr(17=2 | 13=6,18=1) = 0.16666666666666666\
Pr(17=6 | 13=7,18=0) = 0.047619047619047616\
Pr(17=6 | 13=6,18=1) = 0.16666666666666666\
Pr(17=3 | 13=3,18=1) = 0.13333333333333333\
Pr(17=3 | 13=4,18=0) = 0.05555555555555555\
Pr(17=1 | 13=2,18=0) = 0.125\
Pr(17=1 | 13=1,18=1) = 0.1\
Pr(17=4 | 13=0,18=1) = 0.125\
Pr(17=4 | 13=1,18=0) = 0.058823529411764705\
Pr(17=5 | 13=6,18=0) = 0.125\
Pr(17=5 | 13=5,18=1) = 0.2222222222222222\
\
CPT of Attribute 18\
Pr(18=1) = 0.43137254901960786\
Pr(18=0) = 0.5686274509803921\
\
lymphatics class \
block_of_affere extravasates class \
bl_of_lymph_c no_of_nodes_in class \
bl_of_lymph_s no_of_nodes_in class \
by_pass no_of_nodes_in class \
extravasates changes_in_stru class \
regeneration_of no_of_nodes_in class \
early_uptake_in no_of_nodes_in class \
lym_nodes_dimin no_of_nodes_in class \
lym_nodes_enlar no_of_nodes_in class \
changes_in_lym changes_in_stru class \
defect_in_node changes_in_node class \
changes_in_node changes_in_stru class \
changes_in_stru lymphatics class \
special_forms defect_in_node class \
dislocation_of no_of_nodes_in class \
exclusion_of_no changes_in_stru class \
no_of_nodes_in changes_in_stru class \
\
0 malign_lymph malign_lymph 
\f1\b 0.9990207542696677  	
\f0\b0 \
1 malign_lymph malign_lymph 0.9975550363242903\
2 metastases malign_lymph 
\f1\b 0.7136901186428651      	MISS
\f0\b0 \
3 metastases malign_lymph 0.9657452477303996			MISS\
4 malign_lymph malign_lymph 0.7229537928378378\
5 malign_lymph malign_lymph 0.9831001048043397\
6 malign_lymph malign_lymph 0.6527655309376167\
7 malign_lymph malign_lymph 0.9633503049467624\
8 malign_lymph malign_lymph 
\f1\b 0.9995651555026851
\f0\b0 \
9 malign_lymph malign_lymph 
\f1\b 0.9874413838756605
\f0\b0 \
10 metastases malign_lymph 0.952913250735511			MISS\
11 metastases malign_lymph 0.5539335705883996		MISS\
12 malign_lymph malign_lymph 0.9979307222908744\
13 malign_lymph malign_lymph 
\f1\b 0.5161005901806138
\f0\b0 \
14 metastases malign_lymph 0.8946303966047991		MISS\
15 malign_lymph malign_lymph 0.9995158803074112\
16 metastases malign_lymph 0.9810133273929994		MISS\
17 malign_lymph malign_lymph 0.9975331731685788\
18 metastases metastases 0.956849642203935\
19 metastases metastases 0.9967404246413384\
20 metastases metastases 0.8748798321857918\
21 metastases metastases 0.9993330502339898\
22 malign_lymph metastases 0.6737536601086258		MISS\
23 metastases metastases 0.96223902777643\
24 metastases metastases 0.9979192756952128\
25 metastases metastases 0.9749197385641106\
26 metastases metastases 0.9973869595646224\
27 metastases metastases 0.9958931519204646\
28 metastases metastases 0.9963085070706699\
29 metastases metastases 0.829815267428075\
30 metastases metastases 0.9924467203514272\
31 metastases metastases 0.9092083282182634\
32 metastases metastases 0.966514113933449\
33 metastases metastases 0.9367424039324574\
34 metastases metastases 0.9862691972342779\
35 metastases metastases 0.9889081061467346\
36 metastases metastases 0.7800638291357036\
37 metastases metastases 0.967680371466684\
38 metastases metastases 0.8757115521002619\
39 metastases metastases 0.880833114136694\
40 metastases metastases 0.6226979597160184\
41 metastases metastases 0.8042676612888364\
\
35\
}